43 25 0 166 234
   9.6233934e+00  -7.9924840e+03   8.0046563e+03
  -2.4999433e+02  -8.2468564e+03   7.5015065e+03
  -2.4015665e+02  -7.7411199e+03   7.5085139e+03
   2.5847042e+02  -8.2470298e+03   7.5090958e+03
   2.5299245e+02  -7.7424981e+03   7.5057432e+03
  -2.4320649e+02  -8.2477885e+03   7.0038766e+03
  -2.4110933e+02  -7.7492988e+03   7.0031522e+03
   2.5082311e+02  -8.2447622e+03   7.0040737e+03
   2.5258556e+02  -7.7499164e+03   7.0046400e+03
  -4.9853839e+02  -8.4977548e+03   6.5003586e+03
  -4.9057461e+02  -7.9966608e+03   6.5086070e+03
  -4.9999687e+02  -7.4973653e+03   6.5003598e+03
   7.8798380e+00  -8.4945943e+03   6.5036846e+03
   4.6442082e-01  -7.9949022e+03   6.5090100e+03
   5.7314262e+00  -7.4999669e+03   6.5003866e+03
   5.0295492e+02  -8.4909226e+03   6.5018701e+03
   5.0387893e+02  -7.9953533e+03   6.5069429e+03
   5.0246985e+02  -7.4916443e+03   6.5040073e+03
  -4.9421996e+02  -8.4984594e+03   6.0042170e+03
  -4.9429383e+02  -7.9949422e+03   6.0084837e+03
  -4.9228202e+02  -7.4908565e+03   6.0051430e+03
   4.9816437e+00  -8.4963575e+03   6.0067503e+03
   2.8497662e+00  -7.9963031e+03   6.0049338e+03
   6.2868221e+00  -7.4951274e+03   6.0050903e+03
   5.0712996e+02  -8.4948623e+03   6.0092349e+03
   5.0139098e+02  -7.9910147e+03   6.0090197e+03
   5.0624813e+02  -7.4910554e+03   6.0071399e+03
  -4.9028929e+02  -8.4961989e+03   5.5079513e+03
  -4.9641011e+02  -7.9919017e+03   5.5078779e+03
  -4.9974779e+02  -7.4977217e+03   5.5096979e+03
   6.6387037e+00  -8.4977161e+03   5.5012761e+03
   7.3380331e+00  -7.9934891e+03   5.5034047e+03
   2.0078393e+00  -7.4945896e+03   5.5055005e+03
   5.0321681e+02  -8.4994384e+03   5.5063525e+03
   5.0691447e+02  -7.9983124e+03   5.5053468e+03
   5.0978603e+02  -7.4968052e+03   5.5009678e+03
  -7.4758415e+02  -8.7457963e+03   5.0025036e+03
  -7.4764371e+02  -8.2420230e+03   5.0082792e+03
  -7.4401213e+02  -7.7484908e+03   5.0050956e+03
  -7.4820911e+02  -7.2449246e+03   5.0073814e+03
  -2.4677845e+02  -8.7416897e+03   5.0065315e+03
  -2.4322209e+02  -8.2402035e+03   5.0003627e+03
  -2.4670311e+02  -7.7486334e+03   5.0034332e+03
  -2.4959763e+02  -7.2474734e+03   5.0058567e+03
   2.5614360e+02  -8.7406236e+03   5.0057762e+03
   2.5288003e+02  -8.2499924e+03   5.0073931e+03
   2.5140944e+02  -7.7413611e+03   5.0009412e+03
   2.5561866e+02  -7.2496697e+03   5.0072002e+03
   7.5301386e+02  -8.7403087e+03   5.0084300e+03
   7.5081226e+02  -8.2441535e+03   5.0037635e+03
   7.5209676e+02  -7.7453360e+03   5.0029224e+03
   7.5589925e+02  -7.2451601e+03   5.0090104e+03
  -7.4737356e+02  -8.7431405e+03   4.5095124e+03
  -7.4691457e+02  -8.2468800e+03   4.5067467e+03
  -7.4057179e+02  -7.7488217e+03   4.5087975e+03
  -7.4295493e+02  -7.2406938e+03   4.5041360e+03
  -2.4880676e+02  -8.7484751e+03   4.5051555e+03
  -2.4317322e+02  -8.2463629e+03   4.5086252e+03
  -2.4647978e+02  -7.7485251e+03   4.5092011e+03
  -2.4028209e+02  -7.2484234e+03   4.5098787e+03
   2.5104126e+02  -8.7434652e+03   4.5053235e+03
   2.5009455e+02  -8.2411942e+03   4.5012763e+03
   2.5332759e+02  -7.7468971e+03   4.5013252e+03
   2.5923035e+02  -7.2467980e+03   4.5076791e+03
   7.5063127e+02  -8.7487938e+03   4.5018317e+03
   7.5947129e+02  -8.2480603e+03   4.5059581e+03
   7.5835255e+02  -7.7441209e+03   4.5037472e+03
   7.5927558e+02  -7.2413360e+03   4.5079199e+03
  -7.4539271e+02  -8.7405363e+03   4.0049992e+03
  -7.4980100e+02  -8.2469883e+03   4.0092827e+03
  -7.4761740e+02  -7.7474105e+03   4.0060154e+03
  -7.4663810e+02  -7.2452593e+03   4.0053036e+03
  -2.4855901e+02  -8.7422794e+03   4.0068889e+03
  -2.4125344e+02  -8.2417988e+03   4.0043076e+03
  -2.4862389e+02  -7.7437167e+03   4.0089922e+03
  -2.4227467e+02  -7.2410388e+03   4.0097335e+03
   2.5230217e+02  -8.7402713e+03   4.0015121e+03
   2.5914083e+02  -8.2469595e+03   4.0088749e+03
   2.5087665e+02  -7.7417486e+03   4.0031367e+03
   2.5628992e+02  -7.2453256e+03   4.0089877e+03
   7.5856658e+02  -8.7496184e+03   4.0077392e+03
   7.5472746e+02  -8.2483989e+03   4.0073328e+03
   7.5048081e+02  -7.7403583e+03   4.0059357e+03
   7.5595469e+02  -7.2493411e+03   4.0040044e+03
  -7.4214959e+02  -8.7414592e+03   3.5034652e+03
  -7.4209548e+02  -8.2410555e+03   3.5086664e+03
  -7.4309574e+02  -7.7461352e+03   3.5023301e+03
  -7.4235474e+02  -7.2474534e+03   3.5000102e+03
  -2.4680861e+02  -8.7411253e+03   3.5092672e+03
  -2.4538635e+02  -8.2439443e+03   3.5032586e+03
  -2.4374239e+02  -7.7441644e+03   3.5001245e+03
  -2.4981990e+02  -7.2442759e+03   3.5019473e+03
   2.5428530e+02  -8.7416957e+03   3.5084155e+03
   2.5475173e+02  -8.2471596e+03   3.5046808e+03
   2.5039351e+02  -7.7498085e+03   3.5041057e+03
   2.5809518e+02  -7.2471682e+03   3.5045101e+03
   7.5280693e+02  -8.7401917e+03   3.5030268e+03
   7.5815164e+02  -8.2491844e+03   3.5089506e+03
   7.5250615e+02  -7.7474643e+03   3.5068481e+03
   7.5568989e+02  -7.2478624e+03   3.5092010e+03
  -9.9843630e+02  -8.9965279e+03   3.0083921e+03
  -9.9671587e+02  -8.4952154e+03   3.0062638e+03
  -9.9626592e+02  -7.9925442e+03   3.0090630e+03
  -9.9018282e+02  -7.4913589e+03   3.0090499e+03
  -9.9934954e+02  -6.9917324e+03   3.0019985e+03
  -4.9082316e+02  -8.9955475e+03   3.0057434e+03
  -4.9837493e+02  -8.4961756e+03   3.0067861e+03
  -4.9085387e+02  -7.9982999e+03   3.0090905e+03
  -4.9373483e+02  -7.4959118e+03   3.0015343e+03
  -4.9060339e+02  -6.9927462e+03   3.0072331e+03
   8.4250608e+00  -8.9929895e+03   3.0006588e+03
   2.5085850e+00  -8.4996472e+03   3.0008366e+03
   8.0197953e+00  -7.9994090e+03   3.0063627e+03
   7.5152831e+00  -7.4926829e+03   3.0006923e+03
   9.2263099e+00  -6.9995617e+03   3.0048573e+03
   5.0895859e+02  -8.9938763e+03   3.0035516e+03
   5.0436396e+02  -8.4915082e+03   3.0008121e+03
   5.0159211e+02  -7.9910969e+03   3.0066474e+03
   5.0236619e+02  -7.4920106e+03   3.0073568e+03
   5.0532092e+02  -6.9990779e+03   3.0008774e+03
   1.0050639e+03  -8.9988903e+03   3.0085361e+03
   1.0073093e+03  -8.4904527e+03   3.0053866e+03
   1.0089184e+03  -7.9912661e+03   3.0056463e+03
   1.0044674e+03  -7.4961357e+03   3.0097641e+03
   1.0049776e+03  -6.9951149e+03   3.0084883e+03
  -9.9370944e+02  -8.9901301e+03   2.5013910e+03
  -9.9992819e+02  -8.4935693e+03   2.5019413e+03
  -9.9610914e+02  -7.9907814e+03   2.5028737e+03
  -9.9230574e+02  -7.4962635e+03   2.5011401e+03
  -9.9826085e+02  -6.9971263e+03   2.5028382e+03
  -4.9059568e+02  -8.9949176e+03   2.5098315e+03
  -4.9765514e+02  -8.4906665e+03   2.5027527e+03
  -4.9284117e+02  -7.9931826e+03   2.5014344e+03
  -4.9357021e+02  -7.4981730e+03   2.5036654e+03
  -4.9734779e+02  -6.9975675e+03   2.5099665e+03
   9.1769067e+00  -8.9923281e+03   2.5064757e+03
   9.9175904e+00  -8.4990527e+03   2.5016467e+03
   7.7986561e+00  -7.9963248e+03   2.5007154e+03
   3.9617647e+00  -7.4995814e+03   2.5085232e+03
   3.0399655e+00  -6.9940520e+03   2.5028979e+03
   5.0309438e+02  -8.9943554e+03   2.5022092e+03
   5.0668080e+02  -8.4939488e+03   2.5079309e+03
   5.0047156e+02  -7.9987878e+03   2.5059924e+03
   5.0566094e+02  -7.4964153e+03   2.5076540e+03
   5.0584405e+02  -6.9978439e+03   2.5099557e+03
   1.0032427e+03  -8.9937995e+03   2.5073447e+03
   1.0063699e+03  -8.4934636e+03   2.5058946e+03
   1.0032518e+03  -7.9994899e+03   2.5087384e+03
   1.0067627e+03  -7.4905029e+03   2.5013216e+03
   1.0015944e+03  -6.9963539e+03   2.5099310e+03
  -9.9807825e+02  -8.9958002e+03   2.0077449e+03
  -9.9572420e+02  -8.4932902e+03   2.0097890e+03
  -9.9889191e+02  -7.9914879e+03   2.0003626e+03
  -9.9666452e+02  -7.4930740e+03   2.0009394e+03
  -9.9117141e+02  -6.9952905e+03   2.0072266e+03
  -4.9317984e+02  -8.9996871e+03   2.0000658e+03
  -4.9690843e+02  -8.4905458e+03   2.0094027e+03
  -4.9357475e+02  -7.9944663e+03   2.0066368e+03
  -4.9084450e+02  -7.4993416e+03   2.0039845e+03
  -4.9835306e+02  -6.9938740e+03   2.0090300e+03
   6.8902702e+00  -8.9954962e+03   2.0031954e+03
   3.5409990e+00  -8.4980760e+03   2.0018223e+03
   2.1011272e+00  -7.9961091e+03   2.0095712e+03
   2.3303800e+00  -7.4950456e+03   2.0015603e+03
   4.1946537e+00  -6.9914419e+03   2.0000441e+03
   5.0097839e+02  -8.9906689e+03   2.0029134e+03
   5.0976004e+02  -8.4953163e+03   2.0092048e+03
   5.0881418e+02  -7.9957952e+03   2.0076253e+03
   5.0422979e+02  -7.4980235e+03   2.0088734e+03
   5.0354955e+02  -6.9909206e+03   2.0048774e+03
   1.0002392e+03  -8.9963236e+03   2.0065889e+03
   1.0038366e+03  -8.4980618e+03   2.0051094e+03
   1.0086470e+03  -7.9954906e+03   2.0038051e+03
   1.0066233e+03  -7.4951389e+03   2.0056137e+03
   1.0006656e+03  -6.9905841e+03   2.0052000e+03
  -9.9234265e+02  -8.9984937e+03   1.5073925e+03
  -9.9767097e+02  -8.4951448e+03   1.5017732e+03
  -9.9225964e+02  -7.9974563e+03   1.5040211e+03
  -9.9788389e+02  -7.4975166e+03   1.5002669e+03
  -9.9957963e+02  -6.9990092e+03   1.5040651e+03
  -4.9896303e+02  -8.9951549e+03   1.5036607e+03
  -4.9750954e+02  -8.4975557e+03   1.5084247e+03
  -4.9987318e+02  -7.9900848e+03   1.5009883e+03
  -4.9018591e+02  -7.4943556e+03   1.5093901e+03
  -4.9847068e+02  -6.9947614e+03   1.5057738e+03
   1.0200604e-01  -8.9935854e+03   1.5090073e+03
   5.6313242e+00  -8.4945882e+03   1.5088389e+03
   7.3638914e+00  -7.9989368e+03   1.5092866e+03
   9.7904181e-01  -7.4907109e+03   1.5047215e+03
   2.2542500e+00  -6.9901245e+03   1.5019777e+03
   5.0230775e+02  -8.9929573e+03   1.5054968e+03
   5.0524337e+02  -8.4933520e+03   1.5026928e+03
   5.0483609e+02  -7.9953841e+03   1.5023018e+03
   5.0649829e+02  -7.4967563e+03   1.5070573e+03
   5.0422632e+02  -6.9904487e+03   1.5041547e+03
   1.0076329e+03  -8.9937269e+03   1.5089512e+03
   1.0084551e+03  -8.4974311e+03   1.5055395e+03
   1.0099679e+03  -7.9922420e+03   1.5008819e+03
   1.0054805e+03  -7.4908151e+03   1.5041624e+03
   1.0001540e+03  -6.9907713e+03   1.5047073e+03
  -9.9046517e+02  -8.9984473e+03   1.0009500e+03
  -9.9789244e+02  -8.4958874e+03   1.0007607e+03
  -9.9880267e+02  -7.9982218e+03   1.0098409e+03
  -9.9377268e+02  -7.4966063e+03   1.0084653e+03
  -9.9128554e+02  -6.9914741e+03   1.0027347e+03
  -4.9401748e+02  -8.9950667e+03   1.0074804e+03
  -4.9777151e+02  -8.4917112e+03   1.0047752e+03
  -4.9159278e+02  -7.9999160e+03   1.0012034e+03
  -4.9531275e+02  -7.4994099e+03   1.0054362e+03
  -4.9712656e+02  -6.9945736e+03   1.0079601e+03
   4.8919400e+00  -8.9967825e+03   1.0036676e+03
   5.3161921e+00  -8.4957899e+03   1.0009487e+03
   3.4495722e+00  -7.9991033e+03   1.0083590e+03
   6.3957539e+00  -7.4950498e+03   1.0099566e+03
   8.8534629e+00  -6.9982877e+03   1.0007819e+03
   5.0633685e+02  -8.9977593e+03   1.0092027e+03
   5.0557375e+02  -8.4915432e+03   1.0050153e+03
   5.0795870e+02  -7.9983963e+03   1.0065229e+03
   5.0069256e+02  -7.4934884e+03   1.0051372e+03
   5.0331004e+02  -6.9955585e+03   1.0041479e+03
   1.0009447e+03  -8.9966639e+03   1.0009500e+03
   1.0006099e+03  -8.4911257e+03   1.0000712e+03
   1.0062169e+03  -7.9949257e+03   1.0061872e+03
   1.0089656e+03  -7.4915776e+03   1.0013604e+03
   1.0044725e+03  -6.9965849e+03   1.0099633e+03
  -1.2401574e+03  -9.2457837e+03   5.0858121e+02
  -1.2406318e+03  -8.7454834e+03   5.0142121e+02
  -1.2423536e+03  -8.2425217e+03   5.0832645e+02
  -1.2426472e+03  -7.7480096e+03   5.0722702e+02
  -1.2443635e+03  -7.2461894e+03   5.0917276e+02
  -1.2476959e+03  -6.7406711e+03   5.0587659e+02
  -7.4495408e+02  -9.2459744e+03   5.0667838e+02
  -7.4753926e+02  -8.7465287e+03   5.0612732e+02
  -7.4226912e+02  -8.2456842e+03   5.0375286e+02
  -7.4772577e+02  -7.7472872e+03   5.0579717e+02
  -7.4165615e+02  -7.2453408e+03   5.0347032e+02
  -7.4258486e+02  -6.7447731e+03   5.0477095e+02
  -2.4513129e+02  -9.2480115e+03   5.0783841e+02
  -2.4834118e+02  -8.7420544e+03   5.0504894e+02
  -2.4332901e+02  -8.2457213e+03   5.0100565e+02
  -2.4621341e+02  -7.7490356e+03   5.0911709e+02
  -2.4045027e+02  -7.2483228e+03   5.0361488e+02
  -2.4418649e+02  -6.7477133e+03   5.0804714e+02
   2.5386580e+02  -9.2410059e+03   5.0145072e+02
   2.5641294e+02  -8.7445859e+03   5.0745184e+02
   2.5838142e+02  -8.2404913e+03   5.0245718e+02
   2.5736391e+02  -7.7473741e+03   5.0177101e+02
   2.5452996e+02  -7.2426441e+03   5.0880018e+02
   2.5077612e+02  -6.7442444e+03   5.0318414e+02
   7.5793626e+02  -9.2463104e+03   5.0030356e+02
   7.5964282e+02  -8.7409123e+03   5.0941647e+02
   7.5787384e+02  -8.2420969e+03   5.0397113e+02
   7.5225518e+02  -7.7486253e+03   5.0306052e+02
   7.5763951e+02  -7.2494594e+03   5.0124227e+02
   7.5226019e+02  -6.7496817e+03   5.0447043e+02
   1.2554525e+03  -9.2475617e+03   5.0472365e+02
   1.2554717e+03  -8.7424588e+03   5.0720738e+02
   1.2563674e+03  -8.2455485e+03   5.0548257e+02
   1.2520977e+03  -7.7493171e+03   5.0129483e+02
   1.2533891e+03  -7.2454846e+03   5.0314055e+02
   1.2509813e+03  -6.7424906e+03   5.0349631e+02
